1.0 0.0 0.0 0.0 0.0 0.0 0.0 0.0 1.0 0.35 0.0
1.0 0.0 0.0 0.0 0.0 0.0 0.0 0.0 1.0 0.25 0.0
1.0 0.0 0.0 0.0 0.0 0.0 0.0 0.0 1.0 0.40 0.0
0.3 0.8 0.0 0.0 0.0 0.0 0.0 0.2 0.0 0.80 0.05
0.1 0.0 0.0 0.0 0.6 0.0 0.0 0.0 0.0 0.75 0.25
0.2 0.7 0.0 0.0 0.0 0.0 0.0 0.0 0.0 0.90 0.1
0.5 0.5 0.0 0.0 0.0 0.0 0.0 0.0 0.0 0.6  0.0
0.2 0.3 0.3 0.3 0.3 0.0 0.0 0.0 0.0 1.0  0.3
0.0 0.0 0.0 0.0 0.0 1.0 0.0 0.0 0.0 0.5  0.0
0.0 0.0 0.0 0.0 0.0 0.0 0.0 0.0 0.0 0.0  0.0
1.0 0.0 0.0 0.0 0.0 0.0 0.0 0.0 1.0 0.35 0.0
0.1 0.0 0.0 0.0 0.0 0.0 0.0 0.0 0.0 0.35  0.9
1.0 0.0 0.0 0.0 0.0 0.0 0.0 0.0 1.0 0.35 0.0